8353
28366
20958
64948
2362
49094
56695
45141
18765
547
36393
31994
41134
11731
50430
54234
5939
10892
24305
32450
20293
64711
63922
52808
59668
30771
20553
63761
43293
41412
24504
64802
13988
47238
34301
39675
35546
9116
4592
45427
7346
59965
12404
14182
39272
34700
60838
52954
33663
52414
14160
55958
27336
34811
47971
42480
62791
561
57687
31831
37757
20925
27400
5644
16428
30735
59513
63159
60791
17596
46237
56429
27650
52746
47092
10142
28303
48407
29308
55607
25013
49043
35298
59834
52729
47616
13508
64742
57160
10330
47294
57231
2357
53238
57668
33559
63640
6288
57510
57758
37485
13350
44598
6594
29302
37326
23397
16117
37711
55046
27020
38488
47795
61918
14740
58776
14517
29826
51621
58451
7478
50374
6738
63127
27853
14398
30623
60200
6977
46048
10858
16324
48768
5335
40619
17339
30566
35809
8929
37720
30276
13594
3857
47021
40428
57336
22086
64509
427
65175
28360
44854
36499
42138
47941
23047
61520
62747
34006
58463
20981
14461
27205
3291
46576
28386
26585
60615
21001
46817
13095
59849
18137
29073
15198
27981
41578
6715
51036
59347
27892
16466
13064
5450
25207
43708
29685
38445
25887
7068
50577
53559
59509
28789
36448
43383
60824
29567
21801
65252
21034
58602
34280
43491
28577
21887
5582
53149
27839
60522
837
4837
22449
12117
42380
28388
41681
13191
40632
788
212
6187
40403
63141
50408
26976
31888
61774
53509
45598
24643
46074
3557
29631
36622
47711
17840
24089
33956
49646
47625
42542
21505
49318
47268
60513
39141
35289
58521
14712
41889
50560
38677
11358
22366
19263
9563
48464
36200
39547
40337
48758
4787
26433
37986
517
20233
50833
27895
21259
55808
52769
28643
1149
10421
49643
30150
4587
49987
38751
40210
47843
12620
30966
51313
15820
56614
32602
41529
15553
21564
24000
53887
18334
33939
49058
34187
42351
21014
27884
29082
28106
15808
31050
12644
15382
62506
12722
3815
45996
48023
45802
39935
57511
41643
698
42554
30170
29617
48687
62917
31115
13359
26568
46608
8214
63544
45850
36553
8688
7307
54918
5710
37348
21615
37198
63769
9450
6238
47844
40259
36659
54211
33302
10973
26075
4555
3539
19295
12948
61065
43004
2193
45786
16956
37737
28578
46816
37593
58139
52415
41458
33825
14233
55218
5715
41775
62347
14331
1684
24331
59156
43039
60793
20415
28036
20768
49285
38818
45069
59973
51321
58017
1315
49919
41493
62528
60646
14024
33168
45626
53741
37376
28547
30268
47363
9384
40911
12447
19571
63856
34252
32564
63045
20067
46447
31174
62141
48492
35657
14551
47097
53154
38221
21952
45649
9140
43226
7428
65072
5988
55131
24408
28946
4813
11912
43832
19144
52144
35872
58058
20533
35900
13009
12202
49064
17713
12182
4991
36628
54220
45083
65421
9202
55893
58352
27375
17822
6933
57325
46407
25642
51904
48430
24079
34983
30155
6129
50865
57241
7488
28273
6669
60506
12420
14564
18076
7009
11139
64137
42024
50056
24816
54258
49706
16923
59459
8493
35803
60589
43970
34599
61895
11497
9644
8892
22983
30662
51651
46570
25805
37199
17186
7327
2309
62055
19138
44725
26140
21831
45762
45209
9150
45479
29285
33659
5926
63846
47152
57738
36679
976
53263
22123
9805
32504
39825
4242
44831
52713
24661
41229
38023
11890
19658
52624
18804
48004
39872
2008
46508
10409
7266
48724
33576
53615
54223
41160
62931
48018
49304
14364
23667
58923
42108
12184
62901
2455
22162
18217
21139
15690
3511
48785
16121
45242
28850
51327
11824
17689
64916
10034
10437
50443
35961
59937
37219
16431
45347
37382
33828
41006
31626
56924
35715
30418
22322
45432
20220
48641
25763
52984
21543
26182
52589
32643
64419
7312
692
9555
21001
18033
9625
37488
53861
23533
45406
3274
48553
10347
56802
45354
37243
10397
42879
44275
33518
58096
23676
11192
46914
20906
31137
63874
32791
64449
19459
41200
53689
18830
40802
7661
58293
48989
60264
18041
50582
46985
16445
31508
13981
49853
16723
31912
15985
11542
64827
58768
37350
7399
26689
29652
24797
2437
50799
21361
40055
49284
54728
60700
26222
5127
3172
28799
11963
32727
38099
44251
762
23194
50872
41037
58994
28599
59324
2338
20896
29348
55966
52665
34751
36974
44156
6922
36700
20034
25873
1950
50149
56737
10886
32181
6199
30596
19917
21208
57690
10401
42720
12866
62291
43287
20856
18914
52250
27334
14490
13338
47471
27181
25223
6814
18526
36796
56507
34127
51351
35219
55746
13098
23856
4568
46655
65279
34587
4678
28795
30396
36727
9449
48065
65001
61198
39420
26577
9194
12651
38418
53728
6054
47833
39025
37287
44520
56736
63903
30356
24896
21172
52333
10513
43659
12289
14835
44773
29709
2558
37323
35177
40751
62081
7404
56782
18954
21196
29191
56404
59073
15950
57186
34862
16161
19769
9996
51293
9102
34245
39081
53023
274
32563
48712
761
44964
5768
45613
38676
64494
37093
34894
27153
18127
26210
24980
59264
56657
41200
1917
62060
46483
26850
48636
3082
7387
8979
7799
18833
45224
16089
47944
25973
5253
17145
21861
33532
6353
52259
4242
42443
6113
29765
11081
35266
55072
9061
53535
26732
9552
12324
3819
22779
11761
17070
18825
46108
16590
57311
51471
11921
54075
20256
34033
64038
17368
39767
55309
1344
26877
22793
47200
37673
62086
45388
31481
41978
61665
46367
46270
36668
29166
59107
61670
31215
43108
8902
27126
60521
53326
64211
48912
20450
21266
19070
30777
60339
11190
16407
42709
37026
22704
39669
50794
18981
10259
4904
21211
35776
17755
11870
5942
39079
53721
33800
43218
40668
10747
11510
41047
51848
48830
52907
7068
41763
5005
5344
47615
22536
14896
8839
20445
21975
20519
27342
54909
65353
36738
51544
58165
46081
32952
39436
5255
17262
4092
62548
11421
27293
34529
13803
59591
18147
18236
22133
23226
36323
13937
25004
36234
33530
60581
14718
27414
50050
21088
57173
8635
11369
33990
60140
5011
60644
50512
10527
41608
51541
20973
13561
56713
10213
13805
1120
13642
39657
10074
5978
24666
44412
4029
12321
35242
442
61117
6762
49023
44878
55599
11464
30213
61794
13305
26328
20042
54827
14333
40320
21131
56604
55136
17188
33256
27870
21814
28486
436
17489
6860
46955
10329
37868
27261
50380
1759
11095
39510
57177
12653
5132
8784
41364
34390
